#c:\Users\Matin\Desktop\TMLN\venv\Lib\site-packages\ipykernel_launcher.py --f=c:\Users\Matin\AppData\Roaming\jupyter\runtime\kernel-v3524fe77a9beda2becddc177cfb2b7dc3756ff3a6.json
# GMT Wed Apr 23 09:43:16 2025
# 
0 1 2 3 4 6 8 12 13 18 22 23 25 43 49 52 70 88 101 159 173 180 187 192 201 206 209 213 235 249 250 261 270 279 281 290 302 305 331 387 436 438 460 488 500 502 511 536 558 573 586 601 608 620 633 757 783 796 817 821 829 845 904 918 952 992 993
1 3 5 8 10 24 39 41 64 74 76 79 90 100 105 113 156 163 203 230 246 248 289 293 309 318 370 405 448 522 538 555 632 675 677 705 729 733 756 787 789 801 822 853 936 953
2 7 12 53 126 148 169 170 275 287 296 309 510 581 757 925 979
3 4 6 7 9 10 11 16 17 18 19 20 21 25 32 36 42 54 56 57 83 92 96 104 125 129 136 194 196 197 204 205 217 220 224 236 263 286 288 298 300 303 350 359 371 375 386 398 404 408 591 608 634 656 682 688 718 720 721 773 799 828 846 867 872 901 923 933 958 980 985 990
4 5 9 11 27 30 37 40 42 43 44 46 47 50 53 63 85 93 107 109 117 120 121 123 129 130 138 142 144 146 150 218 220 226 237 243 257 267 279 304 313 342 388 401 424 443 446 463 466 469 475 485 491 541 562 595 599 618 650 670 673 716 730 751 782 926 954 995
5 29 249
6 14 28 82 95 109 174 178 202 268 407 410 509 535 612 873 879 956 976
7 16 102 290 515 680
8 15 62 64 68 73 77 123 134 141 145 229 276 277 310 329 389 404 413 415 445 448 468 471 540 546 557 575 629 635 646 736 791 793 813 821 894
9 26 30 38 65 72 122 131 409 439 479 485 490 585 775 797 813 896 976
10 15 34 72 86 107 202 285 298 406 578 643 752 977
11 17 20 21 26 45 55 81 102 124 133 136 137 145 155 192 198 229 243 283 308 323 438 449 498 504 542 593 644 702 772 782 802 844 899 924 953
12 13 19 24 31 40 44 58 60 75 82 94 116 127 178 200 311 418 486 496 544 570 583 591 623 658 671 704 890 928
13 14 34 35 77 85 89 99 116 160 175 251 258 425 429 452 542 731 780 792 881 930
14 507
15 48 52 61 66 67 69 90 103 165 217 235 301 313 324 330 367 440 468 516 521 676 702 713 738 753 907 926 943 960
16 110 241 266 431 437 454 756 843
17 23 49 66 105 190 191 255 284 321 332 380 388 645 715 898
18 22 31 36 41 46 47 63 151 164 200 203 204 211 215 239 260 391 420 429 551 765 778
19
20 33 310 316 332 342 458 561 614 694
21 51 57 71 128 219 245 267 352 360 377 398 547 614 662 684 739 860 888 899
22 33 35 71 84 131 176 185 188 412 416 672
23 75 119 177 214 265 272 341 711 875
24 28 79 132 134 257 392 569 807 988
25 27 51 161 172 213 540 690
26 32 122 162 195 294 297 312 334 375 426 464 514 577 667 743 763 838 876 884
27 171 233 244 358 369 428
28 29 37 39 56 86 87 135 153 231 319 327 354 382 383 400 422 529 584 673 839 867
29 141
30 38 70 91 237 385 545 915 945 966
31 148 163 506 515 522 746
32 59 104 117 167 399 453 555 996
33 663
34 210 252 258 586 709 740 961 992
35 54 80 112 151 154 158 174 234 242 362 426 455 491 519 600 630 649 711 818 864 902 938 962
36 69 121 259 447 572 840
37 50 68 76 91 97 98 100 111 143 223 253 270 315 356 456 763 812 936 984 987
38 108 156 411 419 532 598 648 678 745 748 771 793
39 189 613 627
40 45 58 126 207 264 579 646
41 778
42 59 250 317 372 696 805
43 55 78 114 167 176 241 316 358 393 442 499 513 563 588 681 685 972
44 48 78 94 150 187 189 373 484 557 568 610 738 829
45 182 804
46 263 943 947
47 152 269 293 308 493 575 655 659 870
48 153 161 182 221 281 737
49 67 106 113 179 205 343 369 418 424 731 755 972
50 133 181 183 184 188 376 402 422 462 527 561 611 719 814 872 903
51 74 128 314 465 548 632
52 60 99 108 193 252 288 318 480 556 622 676 679 703 790 931
53 460
54
55 62 65 101 195 268 823 830 896
56 88 181
57 61 704 732 769 835 918 968 996
58 497 587 881
59 98 160 166 231 256 403 414 434 518 578 647 692 701 708 741 851 857 932 933
60 95 118 162 180 212 467 482 636 728
61 132 171 185 284 336 347 440 520 687 733 735 910 925 989
62 73 81 83 110 280
63 112 139 240 359 413 535 616 822 852 974 999
64 159 651
65 328 423 427 516 623 634 735
66 140 190 194 224 543 647 652 835
67 93 198 416 774 995
68 329 376
69 80 338 373 786
70 106 127 531
71 164 299 897
72 87 265 397 592 665 674
73 357 525
74 261 374 447 451 589 803 817 846 868 956
75 114 137 186 197 209 210 266 346 452 567 617 620 900
76 84 300 409 628 998
77
78 247
79 304
80 168 199 228 345 500 503 842
81
82 92 462 759 831
83 149 682
84 89 96 118 120 135 212 397
85 208 395 552 808 909
86 246 291 346 693 696
87 482 603 659 841
88 320 453
89 115 125 168 177 233 322 324 336 392 443 461 466 642 764 856 866 935 980 981
90
91 226 251 282 289 431 479 864 869 984
92 124 147 280 357 378 414 597 902
93 103 207 222 232 349 366 776
94 97 170 832
95 165 302 423 534 539 693 975
96 169
97 668
98 130 143 144 273 306 353 412 437 459 567 580 596 598 773 788
99 157 294
100 111 339 351 776 800
101 196 219 259 400 766
102 801
103 501
104
105 227 809
106 115 158 234 254 341 403 421 518 622 677
107 211
108 283 340
109 179 363 530 640 683 726 982
110
111 255 264 319 969
112 699
113 286 495 742 917
114 138 186 225 477 517 973
115 239 863
116 139 175 260 779 991
117 119 326 653 666 957
118 799
119 328 432 439 604 684 825
120 166 216 221 474 641 754
121 347 417 602 927 994
122 348
123 140 305 330 588 667 772 908
124 244 856 877
125 157 172 282 560 574 627 643 753 852
126 352 946
127
128 152
129 381 751
130
131 253 291 297 368 519 637 800 973
132
133 149 193 415 828 857 967
134 155 306 395 639 727
135
136 183 269 486 674
137 142
138 227 365
139 494 901
140
141 390 894 906
142 146 147 277 285 338 378 381 455 483 573 596 661 754 831 905
143 299 314 333 648
144 604 727
145 893
146 154 228 798
147 292 617
148 721 839
149
150 734
151 276 723
152 364 964
153 353 360 463 549 569 785
154 238 509 660 752 885
155 320 656 880 890
156 611 871 997
157
158 184 384 499
159
160 391 526 546 888 907
161 303 380
162
163 401 407 626 652
164 489 700 806 930 963
165 275 494
166 206 247 256 307 356 379 739 747
167 419 637 730 816
168 456
169 470 550 951
170 173 408 524 681
171 732 775 994
172 223 396 430
173 970
174 201 344
175 191 483 564 862
176 432 472 666 878 937
177 585 955
178 215 744 879 988
179 232 327
180 216 351 385 441 979
181
182
183 225 321
184 236 238 273 345 354 470
185 248 970
186 538 574
187
188 323 382 576 787 948
189
190 214 981
191 343 713
192 296 454 565 795 862 983
193 208 530 931
194 274 355 361 387 549
195 506 512 759 849
196
197 278 317 736 768
198 199 240 334 450 461 528 631 650
199
200 389 474 492
201 441 615 895 942 950
202 262
203 272
204 222 543 658
205 278 301 349 368 411
206 720
207
208 331 680
209 315 362 635 703
210 434
211
212 218
213 242 638
214
215 230 367 481 699 934
216
217 688
218 394
219 417 477 770 840 889 993
220 695 858
221
222 579 626 657
223
224 471 938
225
226 883
227 396 849 940
228 245 621 651 653 743
229 292
230
231
232 533
233 307 450 484 536 770 875
234 271 365 384 475 508 559 601 683
235 271 325 390
236
237
238 607 928
239 348 613
240
241 464 489 593 641 760 795
242 295
243 663
244 559
245 339 842
246 311
247 333 399 473 553 583 609 654 861 891 935
248 524
249 262
250 725
251 254 528 654
252 467 631 709 744
253 777
254 610
255 545 712 934 977
256 335 517
257 719 990
258 274 410 599 939
259 337 435
260 465 638 755
261
262 706
263 287 492 493 619 796
264 295
265
266
267
268
269
270 630 921
271 587 619 679
272
273 312 458 526
274 571
275
276
277 364 850
278 322 505
279
280 386
281 340 910
282 707
283 433 560
284 325 326
285 501 697
286
287 370 636 705 816 833
288 383
289
290
291
292 379 804
293 402 832 854
294 374 887
295
296 712
297 366 605 897
298 363 428 512 603
299 498 692 710 858
300 563
301 582
302
303 442 445 819 983
304 335 594 605 660 774 797
305
306
307
308 562 592 986
309
310 618 697 855 880
311 457 748
312 350 436
313 459 502 878
314 344 430 550 664 887
315 600
316
317 678
318 669 967
319
320 487 505 672 710 794
321 551 566
322 566
323
324
325 337 457
326 740
327
328
329
330 708
331 539 779
332 582 615
333
334 449 625
335 903
336 513 670 691 892
337
338
339 496
340 577 691 781
341 695
342
343 371 548 715 876
344
345 914
346
347
348 355 764
349 609 685
350 959
351 929
352 572
353 444
354 495 833 919
355 361 372 406 825 845
356 913
357 809
358
359 766
360 537 971
361
362 644 807 859
363
364 508 554 780 826 975
365 597 808 811
366 377
367 472
368 478 869
369 393
370 533 783
371
372 581
373
374 427
375 531 628
376 394 420 746 851 912
377 421 514 565 716
378 798
379 602
380 749 958
381 886
382 469 639
383
384 405 750 767 827
385 941
386 978
387 814
388 487 725 913
389 855
390 520 750 762 769
391
392 480 595 909
393
394
395
396 963
397 525
398
399 490 978
400
401 866
402
403 473 922 947
404 488 523
405 497 529 616 737 836 900
406 510
407
408
409 761
410
411 507
412 433 547 906
413 802
414
415 425
416
417 503
418
419
420
421
422
423 476
424 504
425 606 818
426
427
428
429 594 788
430
431 726
432 435
433 706
434 476
435
436 661 916
437
438
439 554 657
440 446 481 552
441 444 511 850 898
442
443 544
444 451 765
445
446 521 556 580 690
447
448
449
450
451
452
453
454
455 568 944 966
456
457
458
459
460 998
461 570 791
462 974
463
464
465
466 847
467
468
469 478 819
470
471
472 633 860
473
474
475 989
476 606 729 741
477
478
479
480
481
482 541
483
484
485
486 863
487 960
488
489
490 951
491 527
492
493 885
494 922
495
496 537 714
497 624
498 532
499 841
500 944
501
502
503 612 792
504
505 714
506 871
507 576 949
508 558 917
509 553
510 911
511 662
512 655
513 607
514
515 564
516
517 717 722 771
518 718 823
519 534 590 847
520
521 957
522 523
523
524
525 810
526 700
527 806
528
529 645
530 589 624 893
531 686 717
532
533 642 786 987
534 777
535
536
537
538 742 749
539 843
540
541 571 640
542 584
543
544 811 882
545
546 686 859
547 991
548 805 927
549
550
551
552 590
553 621 664
554
555 669 698 701 820
556
557 781
558
559 668 745 768
560
561
562
563 837
564
565 625 649 882
566 707
567
568 724 883 886 915
569
570
571
572 758
573
574
575
576 912
577 689
578 728
579 687 874
580
581 884
582
583 824
584
585
586 827
587
588
589 810
590 836
591
592 675
593 923
594
595
596 854
597 689
598
599
600
601
602
603 874
604
605
606 723
607
608
609
610
611
612 629
613
614 803 904
615 964
616
617 929
618
619 789
620
621 784
622
623
624
625
626 760
627
628
629 724
630
631
632
633
634
635
636 844
637
638
639 965
640 694
641
642 914
643 911
644
645
646
647 837 924
648
649
650 665
651
652
653 932
654
655
656
657
658
659 698 794 982
660
661
662
663
664 671
665
666 889 954
667 939
668
669 838
670 948
671 873 969
672
673 892
674
675
676
677 848
678
679 722
680
681 870
682
683
684
685
686 945
687
688
689
690
691
692
693 908
694 955
695
696
697
698 868 950
699
700
701
702
703 820
704
705
706 985
707 784 834
708
709
710
711
712 761
713 826
714
715 895
716 916
717 747
718
719
720
721
722 865
723
724
725 734 834
726 767
727
728 815
729
730
731 785
732 986
733
734
735
736
737
738
739
740
741
742
743
744
745 758
746
747
748
749
750
751
752
753 762
754
755 812
756
757
758 865
759
760
761
762
763
764 940
765
766
767 815
768
769
770
771 853
772
773
774
775
776
777
778
779
780
781
782
783 824 877
784
785
786
787 790
788
789
790
791
792
793 920
794
795
796
797 997
798 952
799
800
801
802
803
804
805
806
807
808
809
810
811
812
813
814 848
815 861
816
817
818 830
819
820
821
822
823
824 965
825 920
826
827
828
829
830
831 919
832
833 941
834
835
836 891
837
838
839
840
841
842
843
844
845
846
847
848 946
849 959
850
851
852
853
854
855
856
857
858
859
860
861
862
863 937
864
865
866 905 921
867
868
869
870
871
872
873
874
875
876
877
878
879
880
881
882
883
884
885
886
887
888
889
890
891
892
893
894
895
896
897
898
899
900 961
901
902
903 942 962
904
905
906
907
908
909 949
910
911
912
913
914
915
916
917
918
919
920
921
922
923
924
925
926
927
928
929
930
931
932
933
934
935
936
937
938
939
940
941
942
943
944
945
946
947
948
949
950
951
952
953
954
955
956
957
958 971
959
960
961
962
963
964
965
966
967 968
968
969
970
971
972
973
974
975
976
977
978
979
980
981
982
983
984 999
985
986
987
988
989
990
991
992
993
994
995
996
997
998
999
