#c:\Users\Matin\Desktop\TMLN\venv\Lib\site-packages\ipykernel_launcher.py --f=c:\Users\Matin\AppData\Roaming\jupyter\runtime\kernel-v3524fe77a9beda2becddc177cfb2b7dc3756ff3a6.json
# GMT Wed Apr 23 09:43:05 2025
# 
0 1 2 3 4 5 6 7 10 12 13 16 20 22 26 28 41 42 43 47 48 49 55 66 69 73 76 84 92 96 104 108 133 158 171 193 199
1 9 17 18 33 37 54 62 81 96 101 129 130 138 146
2 3 6 7 9 12 13 15 17 18 23 27 28 29 30 35 38 43 44 56 58 59 65 67 71 75 78 83 87 91 94 97 99 106 110 132 137 139 165 175 187 196 198
3 4 8 19 34 37 46 68 74 91 144 147 157 190
4 5 11 14 20 25 52 73 90 129 168 169 171
5 8 30 36 40 62 70 76 78
6 10 24 36 39 45 108 110 145 156 178
7 46 50 172
8 11 14 15 22 23 24 54 121 135
9 31
10 19 57 85 122 155 158
11 29 35 39 51 58 61 71 107 117 119
12 21 55
13 16 95 150 197
14 21 65 99 123 145 174 196
15 27 49 191
16
17 64 70 92 100 123 125 127 134 170 188
18 79 82 98 142
19
20 45 159 195
21 32 41 60 77 180 186
22 48 67 102 105 124 152 181 187
23 31 117 199
24 25 26 38 47 53 95 103 122 143 166 184
25 64 128 141
26 34 56 61 63 90 97 164 173
27
28 120 184
29 77 111 182
30 40 183
31 32 33 42 44 63 68 116 140 143
32 163
33 57 141 165 169
34 80 85 93 105 106 198
35 133 190
36 94 131 180
37
38 50 51 52 59 66 111 116 161
39 194
40 72 83 86 88 113 121 176
41
42
43 149
44 120
45 140 157 189
46 53
47 79 84
48 89 93 101 102 161 170 188
49 88 126
50 72 75 107 153 179 183
51
52 168
53 80 109 175
54
55 114
56 60 81 89 113 167 174
57 182
58 82
59 149 151 177
60 118
61 164
62
63
64 144 162
65 98
66
67 69 74 87 181
68
69
70 148
71 163
72
73
74
75 86 115 126 136 192 197
76 139
77 119
78
79 114 125
80 109 130
81
82
83 103
84 146
85
86 134 160 172
87
88
89
90
91
92 132
93
94
95 112
96 156
97
98 100 155 173
99 135
100
101
102 104 115 118
103 112 150 195
104 128 166
105
106
107 179 189
108 138 152
109 131
110
111 124
112 178
113
114 142
115 127 136 193
116
117
118
119
120 137
121 194
122
123
124 153 177
125
126
127
128 159
129
130
131
132
133 147
134 186
135
136
137 162
138
139 167
140 151
141
142
143
144 148
145
146
147 160
148
149
150 154
151 154
152
153
154
155
156
157
158
159
160
161
162
163
164
165
166 185
167
168
169
170
171
172
173 176
174 191
175
176 185
177
178
179
180
181 192
182
183
184
185
186
187
188
189
190
191
192
193
194
195
196
197
198
199
